1000

0.0999953
0.199962
0.299873
0.3997
0.499415
0.59899
0.698399
0.797613
0.896607
0.995353
1.09382
1.192
1.28984
1.38734
1.48446
1.58118
1.67748
1.77333
1.86872
1.96361
2.05799
2.15185
2.24514
2.33787
2.43001
2.52154
2.61244
2.7027
2.7923
2.88123
2.96948
3.05702
3.14385
3.22995
3.31531
3.39993
3.48379
3.56687
3.64919
3.73072
3.81145
3.89139
3.97053
4.04885
4.12636
4.20305
4.27893
4.35397
4.42819
4.50158
4.57414
4.64587
4.71678
4.78685
4.85609
4.9245
4.99209
5.05885
5.12479
5.18992
5.25422
5.31772
5.38041
5.4423
5.50338
5.56368
5.62318
5.6819
5.73985
5.79702
5.85343
5.90908
5.96397
6.01812
6.07153
6.12421
6.17617
6.2274
6.27793
6.32775
6.37688
6.42532
6.47308
6.52016
6.56658
6.61235
6.65746
6.70194
6.74578
6.78899
6.83159
6.87358
6.91496
6.95576
6.99596
7.03559
7.07465
7.11314
7.15108
7.18847
7.22532
7.26165
7.29744
7.33272
7.36749
7.40176
7.43553
7.46881
7.50162
7.53395
7.56581
7.59722
7.62817
7.65868
7.68874
7.71838
7.74759
7.77638
7.80476
7.83273
7.8603
7.88747
7.91426
7.94067
7.9667
7.99236
8.01765
8.04259
8.06717
8.09141
8.1153
8.13886
8.16208
8.18498
8.20756
8.22982
8.25177
8.27342
8.29476
8.3158
8.33656
8.35702
8.37721
8.39711
8.41674
8.43611
8.4552
8.47404
8.49262
8.51094
8.52902
8.54685
8.56443
8.58179
8.5989
8.61579
8.63245
8.64889
8.66511
8.68111
8.6969
8.71248
8.72785
8.74303
8.758
8.77277
8.78735
8.80174
8.81594
8.82996
8.8438
8.85745
8.87093
8.88424
8.89737
8.91034
8.92314
8.93578
8.94825
8.96057
8.97273
8.98474
8.9966
9.00831
9.01987
9.03128
9.04255
9.05369
9.06468
9.07554
9.08626
9.09685
9.10731
9.11765
9.12785
9.13793
9.14789
9.15773
9.16745
9.17705
9.18653
9.1959
9.20516
9.21431
9.22334
9.23227
9.2411
9.24982
9.25843
9.26694
9.27536
9.28367
9.29189
9.30001
9.30803
9.31597
9.32381
9.33156
9.33922
9.34679
9.35427
9.36167
9.36898
9.37621
9.38336
9.39042
9.39741
9.40431
9.41114
9.41789
9.42456
9.43116
9.43769
9.44414
9.45052
9.45683
9.46307
9.46924
9.47534
9.48137
9.48734
9.49324
9.49907
9.50485
9.51055
9.5162
9.52179
9.52731
9.53277
9.53818
9.54352
9.54881
9.55404
9.55922
9.56434
9.5694
9.57441
9.57937
9.58427
9.58912
9.59392
9.59867
9.60337
9.60802
9.61261
9.61716
9.62167
9.62612
9.63053
9.63489
9.63921
9.64348
9.64771
9.65189
9.65603
9.66012
9.66417
9.66818
9.67215
9.67608
9.67997
9.68382
9.68762
9.69139
9.69512
9.69881
9.70246
9.70608
9.70966
9.7132
9.71671
9.72018
9.72361
9.72701
9.73037
9.7337
9.737
9.74026
9.74349
9.74669
9.74985
9.75298
9.75608
9.75915
9.76219
9.76519
9.76817
9.77112
9.77403
9.77692
9.77977
9.7826
9.7854
9.78817
9.79092
9.79363
9.79632
9.79898
9.80162
9.80422
9.8068
9.80936
9.81189
9.81439
9.81687
9.81932
9.82175
9.82415
9.82653
9.82889
9.83122
9.83353
9.83581
9.83807
9.84031
9.84252
9.84471
9.84688
9.84903
9.85116
9.85326
9.85534
9.8574
9.85944
9.86146
9.86346
9.86544
9.8674
9.86933
9.87125
9.87315
9.87502
9.87688
9.87872
9.88054
9.88234
9.88412
9.88588
9.88762
9.88935
9.89106
9.89274
9.89442
9.89607
9.8977
9.89932
9.90092
9.9025
9.90407
9.90562
9.90715
9.90867
9.91017
9.91165
9.91312
9.91457
9.916
9.91742
9.91882
9.92021
9.92158
9.92293
9.92427
9.9256
9.92691
9.9282
9.92948
9.93074
9.93199
9.93323
9.93445
9.93566
9.93685
9.93803
9.93919
9.94034
9.94148
9.9426
9.94371
9.9448
9.94588
9.94695
9.948
9.94904
9.95007
9.95108
9.95208
9.95307
9.95405
9.95501
9.95596
9.95689
9.95782
9.95873
9.95963
9.96052
9.96139
9.96225
9.9631
9.96394
9.96476
9.96558
9.96638
9.96717
9.96794
9.96871
9.96946
9.97021
9.97094
9.97166
9.97236
9.97306
9.97374
9.97442
9.97508
9.97573
9.97637
9.977
9.97762
9.97822
9.97882
9.9794
9.97998
9.98054
9.98109
9.98163
9.98216
9.98268
9.98319
9.98369
9.98417
9.98465
9.98512
9.98557
9.98602
9.98645
9.98688
9.98729
9.98769
9.98809
9.98847
9.98884
9.9892
9.98956
9.9899
9.99023
9.99055
9.99086
9.99117
9.99146
9.99174
9.99201
9.99227
9.99252
9.99276
9.993
9.99322
9.99343
9.99363
9.99382
9.994
9.99418
9.99434
9.99449
9.99463
9.99477
9.99489
9.995
9.99511
9.9952
9.99528
9.99536
9.99542
9.99548
9.99552
9.99556
9.99558
9.9956
9.9956
9.9956
9.99559
9.99556
9.99553
9.99549
9.99543
9.99537
9.9953
9.99522
9.99513
9.99502
9.99491
9.99479
9.99466
9.99452
9.99437
9.99421
9.99404
9.99386
9.99367
9.99347
9.99326
9.99304
9.99281
9.99258
9.99233
9.99207
9.9918
9.99152
9.99123
9.99093
9.99062
9.9903
9.98997
9.98964
9.98929
9.98893
9.98856
9.98818
9.98779
9.98739
9.98698
9.98656
9.98612
9.98568
9.98523
9.98477
9.98429
9.98381
9.98332
9.98281
9.9823
9.98177
9.98123
9.98069
9.98013
9.97956
9.97898
9.97839
9.97779
9.97717
9.97655
9.97592
9.97527
9.97461
9.97394
9.97327
9.97257
9.97187
9.97116
9.97043
9.9697
9.96895
9.96819
9.96742
9.96664
9.96584
9.96503
9.96422
9.96339
9.96254
9.96169
9.96082
9.95994
9.95905
9.95815
9.95723
9.9563
9.95536
9.95441
9.95344
9.95246
9.95147
9.95046
9.94945
9.94841
9.94737
9.94631
9.94524
9.94416
9.94306
9.94195
9.94082
9.93968
9.93853
9.93736
9.93618
9.93499
9.93378
9.93256
9.93132
9.93007
9.9288
9.92752
9.92622
9.92491
9.92358
9.92224
9.92088
9.91951
9.91812
9.91672
9.9153
9.91387
9.91242
9.91095
9.90946
9.90797
9.90645
9.90492
9.90337
9.9018
9.90022
9.89862
9.897
9.89537
9.89371
9.89204
9.89036
9.88865
9.88693
9.88519
9.88343
9.88165
9.87985
9.87803
9.8762
9.87434
9.87247
9.87057
9.86866
9.86673
9.86477
9.8628
9.86081
9.85879
9.85676
9.8547
9.85262
9.85052
9.8484
9.84626
9.8441
9.84191
9.8397
9.83747
9.83522
9.83294
9.83064
9.82832
9.82597
9.8236
9.8212
9.81878
9.81634
9.81387
9.81137
9.80886
9.80631
9.80374
9.80114
9.79852
9.79587
9.79319
9.79049
9.78776
9.785
9.78221
9.77939
9.77655
9.77368
9.77077
9.76784
9.76488
9.76189
9.75887
9.75581
9.75273
9.74961
9.74646
9.74329
9.74007
9.73683
9.73355
9.73024
9.72689
9.72351
9.7201
9.71665
9.71316
9.70964
9.70609
9.70249
9.69886
9.69519
9.69149
9.68774
9.68396
9.68014
9.67628
9.67237
9.66843
9.66445
9.66042
9.65635
9.65224
9.64809
9.64389
9.63965
9.63536
9.63103
9.62666
9.62223
9.61776
9.61325
9.60868
9.60407
9.59941
9.59469
9.58993
9.58512
9.58025
9.57533
9.57036
9.56534
9.56026
9.55513
9.54994
9.54469
9.53939
9.53403
9.52861
9.52314
9.5176
9.512
9.50634
9.50062
9.49483
9.48898
9.48307
9.47709
9.47104
9.46493
9.45875
9.45249
9.44617
9.43978
9.43332
9.42678
9.42017
9.41348
9.40672
9.39988
9.39296
9.38596
9.37888
9.37172
9.36448
9.35716
9.34975
9.34225
9.33467
9.327
9.31924
9.31139
9.30344
9.29541
9.28727
9.27905
9.27072
9.2623
9.25377
9.24515
9.23642
9.22758
9.21864
9.20959
9.20044
9.19117
9.18179
9.17229
9.16268
9.15296
9.14311
9.13314
9.12305
9.11284
9.10249
9.09202
9.08142
9.07069
9.05982
9.04882
9.03768
9.0264
9.01498
9.00341
8.99169
8.97983
8.96781
8.95564
8.94332
8.93084
8.91819
8.90538
8.89241
8.87927
8.86596
8.85247
8.83881
8.82497
8.81095
8.79674
8.78234
8.76776
8.75298
8.738
8.72283
8.70745
8.69186
8.67607
8.66006
8.64384
8.6274
8.61074
8.59385
8.57673
8.55937
8.54178
8.52395
8.50587
8.48755
8.46897
8.45013
8.43104
8.41168
8.39204
8.37214
8.35196
8.33149
8.31074
8.28969
8.26835
8.24671
8.22476
8.20251
8.17993
8.15704
8.13381
8.11026
8.08637
8.06214
8.03756
8.01263
7.98734
7.96169
7.93567
7.90927
7.88249
7.85532
7.82776
7.7998
7.77143
7.74265
7.71345
7.68382
7.65377
7.62327
7.59233
7.56094
7.52909
7.49677
7.46398
7.43071
7.39696
7.3627
7.32795
7.29269
7.25691
7.22061
7.18377
7.1464
7.10848
7.07001
7.03097
6.99136
6.95118
6.91041
6.86905
6.82708
6.78451
6.74132
6.69751
6.65306
6.60797
6.56224
6.51584
6.46879
6.42106
6.37265
6.32356
6.27377
6.22327
6.17207
6.12015
6.06751
6.01414
5.96002
5.90517
5.84956
5.79319
5.73606
5.67815
5.61947
5.56001
5.49976
5.43872
5.37688
5.31424
5.25079
5.18653
5.12146
5.05556
4.98885
4.92132
4.85296
4.78377
4.71375
4.64291
4.57123
4.49873
4.4254
4.35124
4.27625
4.20044
4.12381
4.04636
3.9681
3.88903
3.80916
3.72849
3.64703
3.56478
3.48176
3.39797
3.31343
3.22814
3.14211
3.05535
2.96788
2.87971
2.79086
2.70133
2.61115
2.52032
2.42887
2.33681
2.24417
2.15095
2.05718
1.96288
1.86806
1.77276
1.67699
1.58078
1.48414
1.3871
1.28969
1.19193
1.09384
0.995457
0.896797
0.79789
0.698762
0.599441
0.499952
0.400325
0.300586
0.200762
0.100883
0.000975943
